n = 100
Sorted array: 0 1 2 3 4 4 6 6 7 7 8 12 12 14 14 14 15 15 17 18 20 20 20 22 23 25 25 26 26 26 26 28 28 29 29 29 30 31 34 34 35 36 36 37 39 39 40 40 44 44 44 50 50 51 54 54 55 56 57 58 60 60 61 62 63 64 64 64 66 67 70 71 71 72 73 73 73 74 76 79 79 80 81 81 82 83 86 86 87 87 88 90 91 94 95 96 96 98 99 99 
Comparisons: 2409
Time taken: 0.000000 seconds

n = 100

Comparisons: 2520
Time taken: 0.000000 seconds

n = 100

Comparisons: 2319
Time taken: 0.000000 seconds

